11
11
11
12
203
205
206
207
29
9
4
40
33
39
1
2
31
42
58
20
1
22
5
6
25
23
14
24
4
1
1
33
25
24
10
12
6
5
2
2
2
2
2
1
2
1
2
2
2
2
1
10
1
3
2
2
11
12
8
8
3
5
9
27
13
19
22
12
22
24
15
6
23
1
23
2
12
12
38
3
1
2
2
2
2
2
2
2
4
2
2
24
11
13
8
3
2
2
4
4
21
22
13
14
15
3
16
7
6
1
5
8
22
2
1
1
1
1
30
35
2
2
3
2
40
2
2
19
8
1
18
19
4
4
22
10
17
3
1
2
21
28
36
4
14
19
18
4
2
3
2
1
2
2
2
2
2
2
4
6
3
2
24
29
15
15
18
6
2
22
17
10
3
2
1
1
2
2
21
11
24
2
2
2
1
2
2
2
1
15
8
15
9
2
17
2
1
19
2
11
11
5
15
14
16
3
2
2
20
2
10
2
1
2
5
13
13
5
2
2
2
2
18
2
21
2
2
1
2
2
2
1
2
12
11
15
7
20
20
3
2
2
2
3
3
2
32
1
12
12
12
15
10
7
6
10
